DateTime,Entries,UniqueIPs
1543362980,3,3
1543376897,2,2
1543384873,1,1
1543429957,2,2
1543446308,3,3
1543450112,2,2
1543496927,3,3
1543502663,4,4
1543504586,5,5
1543516351,4,4
1543529793,5,5
1543531707,4,4
1543537688,5,5
1543556902,6,6
1543577305,7,7
1543583076,6,6
1543588820,7,7
1543590771,6,6
1543594586,7,7
1543615978,6,6
1543623864,5,5
1543635658,6,6
1543643306,5,5
1543649071,6,6
1543662535,6,6
1543674279,4,4
1543681956,3,3
1543701159,4,4
1543718433,5,5
1543722274,4,4
1543726133,5,5
1543735730,4,4
1543749163,3,3
1543761150,5,5
1543788745,5,5
1543804365,4,4
1543812271,5,5
1543827877,7,7
1543835799,8,8
1543847806,6,6
1543861484,7,7
1543865680,8,8
1543870355,9,9
1543876363,8,8
1543880922,10,10
1543898693,8,8
1543910182,9,9
1543914124,7,7
1543921971,6,6
1543936373,7,7
1543946213,6,6
1543952228,6,6
1543956157,5,5
1543960359,6,6
1543962265,10,10
1543966378,9,9
1543968306,8,8
1543972350,9,9
1543984124,10,10
1543993729,11,11
1543995633,12,12
1543997579,11,11
1544001890,12,12
1544005739,14,14
1544017722,15,15
1544021558,16,16
1544023598,15,15
1544025398,17,17
1544027564,18,18
1544039771,17,17
1544041971,20,20
1544047962,15,15
1544055876,16,16
1544059969,15,15
1544065742,16,16
1544071713,15,15
1544079887,14,14
1544082044,13,13
1544087808,12,12
1544091655,11,11
1544103150,10,10
1544108939,9,9
1544110836,8,8
1544114687,7,7
1544118523,8,8
1544128591,5,5
1544142761,4,4
1544146609,5,5
1544152377,4,4
1544172291,70,70
1544174211,913,913
1544176122,2293,2293
1544178049,4417,4417
1544179940,6506,6506
1544181865,6507,6507
1544185735,6508,6508
1544201559,6509,6509
1544217146,6510,6510
1544238779,6511,6511
1544256308,6512,6512
1544260144,5815,5815
1544262045,4662,4662
1544263948,2996,2996
1544266106,6,6
1544268282,5,5
1544272151,4,4
1544287702,4,4
1544299462,5,5
1544303561,4,4
1544325167,4,4
1544331160,5,5
1544340768,6,6
1544342665,5,5
1544346750,6,6
1544364109,7,7
1544373649,6,6
1544377467,7,7
1544385399,6,6
1544396927,7,7
1544412505,7,7
1544418317,6,6
1544426192,7,7
1544428097,6,6
1544431942,5,5
1544451392,4,4
1544459781,5,5
1544463642,4,4
1544479476,5,5
1544483560,4,4
1544495314,5,5
1544497319,4,4
1544513307,3,3
1544545481,2,2
1544551458,3,3
1544555316,4,4
1544559417,5,5
1544565163,4,4
1544575226,5,5
1544581215,4,4
1544585079,5,5
1544633804,6,6
1544637879,5,5
1544641956,4,4
1544646273,3,3
1544662121,2,2
1544666214,3,3
1544670115,2,2
1544691906,3,3
1544695731,4,4
1544719500,3,3
1544752615,2,2
1544768447,3,3
1544778121,2,2
1544782148,1,1
1544796111,2,2
1544813777,3,3
1544815971,4,4
1544826281,6,6
1544836130,7,7
1544844058,8,8
1544856047,7,7
1544881709,6,6
1544899496,5,5
1544901396,4,4
1544911465,3,3
1544913381,2,2
1544923133,1,1
1544928997,0,0
1544991154,1,1
1545004848,2,2
1545010488,3,3
1545022093,4,4
1545045410,5,5
1545065573,6,6
1545077788,5,5
1545089459,4,4
1545098117,3,3
1545107809,2,2
1545113662,3,3
1545115491,4,4
1545131098,3,3
1545152936,2,2
1545180779,3,3
1545184579,4,4
1545192743,5,5
1545198750,4,4
1545202577,3,3
1545222761,4,4
1545265718,3,3
1545271707,2,2
1545277457,1,1
1545289337,2,2
1545308452,1,1
1545320198,2,2
1545324042,3,3
1545325942,4,4
1545327884,5,5
1545333865,6,6
1545376847,5,5
1545400364,6,6
1545408037,5,5
1545410206,4,4
1545412349,3,3
1545414305,2,2
1545420043,1,1
1545459854,2,2
1545475461,3,3
1545487285,2,2
1545493245,3,3
1545495180,4,4
1545497084,5,5
1545498978,6,6
1545511460,7,7
1545541001,8,8
1545546752,7,7
1545562341,6,6
1545570263,8,8
1545579885,7,7
1545581800,6,6
1545583965,5,5
1545586135,4,4
1545593822,5,5
1545597659,4,4
1545603875,5,5
1545628107,4,4
1545637970,5,5
1545639893,6,6
1545657173,4,4
1545678276,5,5
1545680439,4,4
1545690289,3,3
1545704195,4,4
1545717897,5,5
1545723646,6,6
1545725817,4,4
1545747147,5,5
1545761092,6,6
1545763004,7,7
1545764925,6,6
1545766828,7,7
1545768992,8,8
1545776683,9,9
1545790136,8,8
1545805951,7,7
1545809789,6,6
1545833065,5,5
1545845060,6,6
1545847298,7,7
1545849152,5,5
1545852985,5,5
1545854926,4,4
1545864513,3,3
1545870262,4,4
1545878208,6,6
1545921390,7,7
1545931233,6,6
1545935059,7,7
1545938895,7,7
1545940918,8,8
1545956447,7,7
1545962513,8,8
1545964373,6,6
1545984261,7,7
1546004185,8,8
1546006099,7,7
1546021995,5,5
1546023887,6,6
1546026048,5,5
1546027950,6,6
1546050270,5,5
1546054356,7,7
1546066369,8,8
1546070511,7,7
1546089876,6,6
1546111469,5,5
1546113414,5,5
1546115312,4,4
1546121073,5,5
1546123010,6,6
1546127058,8,8
1546129264,9,9
1546140983,7,7
1546153006,6,6
1546200277,5,5
1546208203,3,3
1546213953,1,1
1546221397,1,1
1546230966,2,2
1546266989,3,3
1546271078,4,4
1546278988,6,6
1546308032,5,5
1546309948,7,7
1546313776,9,9
1546317867,9,9
1546335173,10,10
1546339000,14,14
1546350763,15,15
1546352679,14,14
1546356743,13,13
1546364413,13,13
1546366334,12,12
1546370451,13,13
1546380281,14,14
1546396101,12,12
1546399948,10,10
1546405712,10,10
1546411945,11,11
1546415826,12,12
1546421563,11,11
1546425411,7,7
1546436932,6,6
1546448546,7,7
1546450598,6,6
1546456605,6,6
1546466695,5,5
1546474852,6,6
1546491131,5,5
1546499086,5,5
1546502899,4,4
1546504854,5,5
1546506735,6,6
1546536272,5,5
1546542294,4,4
1546546357,5,5
1546548269,6,6
1546561955,5,5
1546563891,7,7
1546585341,6,6
1546589094,7,7
1546591007,6,6
1546592915,5,5
1546616453,6,6
1546622689,7,7
1546632780,7,7
1546634667,6,6
1546650094,4,4
1546675738,3,3
1546679562,4,4
1546687469,5,5
1546703086,4,4
1546708837,3,3
1546712668,4,4
1546720353,3,3
1546732109,4,4
1546764024,5,5
1546765953,4,4
1546773886,3,3
1546782053,4,4
1546783948,5,5
1546787779,6,6
1546791921,7,7
1546797712,8,8
1546799551,7,7
1546818988,6,6
1546825267,7,7
1546827200,8,8
1546850425,8,8
1546866548,9,9
1546868426,8,8
1546870353,7,7
1546874185,6,6
1546876373,7,7
1546878296,6,6
1546884087,5,5
1546911387,4,4
1546913576,4,4
1546935141,3,3
1546953169,2,2
1546963001,1,1
1546998282,0,0
1547042488,1,1
1547048421,2,2
1547054659,3,3
1547058770,4,4
1547113016,6,6
1547129794,5,5
1547133670,4,4
1547135551,5,5
1547139712,4,4
1547141555,5,5
1547145174,4,4
1547163156,5,5
1547184284,6,6
1547198438,5,5
1547200365,4,4
1547218342,5,5
1547222538,4,4
1547228427,3,3
1547230368,4,4
1547249594,3,3
1547271389,2,2
1547289667,3,3
1547305518,2,2
1547313900,3,3
1547315779,4,4
1547317705,3,3
1547332415,5,5
1547334517,6,6
1547350115,7,7
1547374836,6,6
1547400302,5,5
1547402535,4,4
1547418281,3,3
1547420550,1,1
1547424332,2,2
1547426182,3,3
1547436304,2,2
1547496274,3,3
1547498207,4,4
1547500369,5,5
1547504604,6,6
1547511154,4,4
1547546697,5,5
1547576687,6,6
1547582706,5,5
1547584614,5,5
1547586527,4,4
1547592283,3,3
1547604104,7,7
1547605955,10,10
1547628810,11,11
1547630677,12,12
1547632607,13,13
1547634509,12,12
1547636569,14,14
1547638838,15,15
1547644837,16,16
1547662368,15,15
1547670768,14,14
1547672924,15,15
1547691148,9,9
1547693079,8,8
1547697182,9,9
1547715173,8,8
1547717070,7,7
1547718980,6,6
1547723114,4,4
1547725031,3,3
1547731005,2,2
1547754780,3,3
1547758610,2,2
1547766326,3,3
1547783778,2,2
1547835890,3,3
1547839949,2,2
1547841943,3,3
1547853867,2,2
1547873567,3,3
1547886976,4,4
1547900902,5,5
1547920884,6,6
1547922745,5,5
1547928772,4,4
1547959949,3,3
1547973402,2,2
1547987070,1,1
1547991170,2,2
1547999091,3,3
1548000999,4,4
1548006766,3,3
1548016831,5,5
1548033442,6,6
1548064602,7,7
1548076485,6,6
1548084302,5,5
1548086488,4,4
1548098199,5,5
1548102034,4,4
1548103978,3,3
1548117873,4,4
1548119791,3,3
1548133514,4,4
1548135377,5,5
1548150996,4,4
1548160601,5,5
1548170472,6,6
1548183889,5,5
1548203587,4,4
1548221063,2,2
1548225155,3,3
1548247470,3,3
1548257296,2,2
1548269566,3,3
1548289505,4,4
1548311318,3,3
1548332905,2,2
1548345173,3,3
1548351409,4,4
1548357165,3,3
1548374564,2,2
1548394580,3,3
1548431810,2,2
1548437781,1,1
1548473334,2,2
1548477143,3,3
1548480979,2,2
1548553019,3,3
1548559020,2,2
1548562857,1,1
